10000
113
8230
3093
-2449
-1945
-3863
4873
2484
-9473
7513
5283
5593
1349
8480
4373
-5648
9273
-7866
3335
6614
-174
3999
6656
2941
8412
-5488
-2972
3813
-5144
5673
-5060
-6344
-4109
-1920
3371
55
4468
-7253
2238
-1152
9374
-8498
-3121
5769
-1541
2955
1910
6787
-4865
-492
4550
1449
9359
-47
2247
3824
-3545
7669
1494
-2919
7570
7450
3308
7222
9480
19
3291
-32
-7282
-6736
3104
-498
898
-7324
3776
-8131
6530
3146
-9388
7956
4440
-5159
-8015
-7712
4851
8220
9660
-6362
5261
3787
-9250
-2611
3737
655
2074
-5698
9715
2862
6037
9980
-2389
-4600
9807
-7628
-1006
-6454
4673
-8201
778
3565
3288
660
-703
-4891
-2513
5816
-443
8166
-8286
-6699
-217
-5410
-8144
-5817
-1435
-6169
3405
7197
7902
6050
-5704
-8410
4027
-6540
-5037
-27
2161
-3073
-8579
-201
-1646
2246
2314
9683
-8997
7351
-5101
9332
-2887
-1805
-8287
-8466
-7964
8873
-2479
-795
8184
-5224
-5333
6503
3272
7710
-6948
699
2340
2493
1240
-3010
9341
-1469
4535
1651
1629
-5747
9026
-2000
-4779
332
-8850
-9154
-950
-496
8093
-3039
-7943
5889
2704
-8406
-1569
-5211
-1731
-1120
3250
-9635
-4602
7710
-2417
1082
1
895